6|52.70
13|51.42
7|62.00
4|28.00
89|42.00
39|43.42
7|45.75
13|28.00
4|53.00
13|26.50
68|43.00
17|40.50
25|45.66
6|50.50
12|46.80
12|47.50
10|52.00
9|50.14
7|84.00
3|50.50
1|54.00
8|35.50
131|48.00
9|64.62
4|54.66
2|59.00
19|48.16
36|37.37
3|56.00
8|49.20
8|48.00
10|37.77
10|72.60
31|25.50
11|62.71
7|48.33
1|44.40
1|49.11
21|30.50
14|31.25
26|45.66
30|45.33
10|18.20
3|82.75
10|48.75
44|41.88
28|52.33
1|51.40
6|62.00
50|30.37
2|80.00
12|45.57
19|49.80
39|46.20
13|75.00
21|52.00
2|38.14
67|11.00
17|50.75
20|52.25
5|56.00
20|63.42
17|47.50
58|35.28
11|39.00
13|36.00
32|38.70
23|32.25
26|65.00
10|37.25
8|60.66
1|49.16
26|50.88
48|48.00
2|74.60
1|75.50
28|34.75
4|55.66
6|44.00
15|54.44
13|43.33
6|38.71
215|3.00
31|40.16
25|33.00
68|42.40
2|75.25
10|33.00
8|42.70
102|2.00
24|47.00
20|42.70
9|66.83
2|51.62
4|48.00
24|48.00
14|41.33
4|58.60
1|66.00
21|31.33
9|60.50
2|93.00
24|61.20
50|27.33
38|48.11
22|34.00
11|57.70
2|72.00
29|46.22
8|46.50
11|44.80
2|39.50
2|32.00
8|30.11
6|21.00
6|28.44
8|49.37
15|39.60
6|58.14
51|28.16
15|49.00
6|31.00
32|51.00
6|53.00
10|44.70
9|40.00
5|47.16
3|46.00
2|56.33
2|89.50
4|57.80
44|36.50
42|3.00
10|70.14
20|48.90
9|51.62
3|69.33
8|46.50
2|44.80
1|58.80
4|53.62
26|28.33
2|45.00
14|33.00
23|21.00
3|47.70
16|39.40
36|58.60
2|40.55
9|49.33
30|50.37
14|65.33
6|62.57
5|64.50
5|57.33
19|51.80
20|33.50
3|58.70
12|65.60
7|45.60
5|30.00
1|79.00
4|49.55
5|67.10
5|51.66
40|41.50
14|56.88
4|54.00
10|61.00
21|39.55
15|53.50
3|29.50
36|48.33
6|48.28
24|48.50
17|39.40
3|54.00
24|35.00
117|32.00
3|54.42
1|30.20
6|57.66
42|39.16
33|44.00
45|48.57
2|89.00
8|50.50
22|55.33
104|30.50
65|36.00
7|35.33
14|42.20
7|14.00
13|75.00
21|62.20
11|61.00
4|51.40
14|58.90
4|74.50
31|47.71
22|42.00
55|20.00
4|67.00
31|42.30
1|76.33
5|27.33
2|55.42
49|51.44
15|39.00
7|47.66
5|39.00
1|66.00
2|44.62
12|43.00
12|56.25
2|65.50
43|48.00
7|53.88
46|24.50
7|43.16
7|72.00
23|43.25
25|44.50
3|44.00
43|33.00
8|55.00
37|53.60
2|27.00
42|55.70
8|45.66
6|55.50
6|55.00
3|46.75
3|47.10
5|49.00
17|39.50
7|56.22
41|24.33
20|52.66
8|57.66
7|53.55
8|67.50
18|48.80
54|47.30
12|45.88
1|86.00
103|28.00
7|47.00
11|51.71
4|74.66
4|55.90
11|51.00
9|72.75
3|44.62
15|47.50
60|42.50
3|51.10
1|69.50
7|58.50
31|42.00
6|46.37
32|51.14
31|46.70
24|60.00
1|59.28
20|50.40
9|43.11
9|32.80
12|66.16
3|57.00
2|49.75
11|40.44
1|92.00
3|55.50
4|52.50
17|30.83
19|39.87
23|48.75
15|51.66
1|38.75
4|34.75
14|46.88
20|45.66
7|54.50
4|65.00
2|38.00
64|23.50
3|46.50
28|54.00
22|47.22
6|62.00
27|36.00
6|58.77
10|49.33
11|63.00
11|56.00
3|53.75
2|63.66
42|50.66
32|40.60
106|39.33
48|39.30
38|56.77
2|48.90
4|32.00
52|19.00
5|64.50
25|57.00
2|57.71
30|33.71
23|32.00
2|61.42
7|42.00
22|52.11
8|52.00
56|40.16
1|50.00
35|42.42
4|61.40
22|35.00
34|51.75
10|50.00
18|64.50
16|58.83
28|25.00
13|12.00
1|45.00
3|64.50
17|58.66
2|76.50
21|24.66
14|38.33
7|25.00
31|56.00
16|38.75
17|45.20
1|78.00
15|51.11
2|64.00
10|54.50
30|51.16
52|37.37
8|43.80
5|52.00
12|57.50
7|44.33
4|40.00
2|53.50
14|58.00
18|47.14
24|47.75
3|47.00
5|39.80
10|45.40
35|8.00
28|51.75
3|55.83
167|35.33
80|31.90
55|37.77
12|45.66
8|40.00
6|63.00
81|31.37
5|75.00
27|48.87
6|39.00
12|22.00
37|44.88
8|60.66
3|52.14
72|34.33
3|52.16
15|53.77
12|64.50
19|30.77
11|22.50
30|32.00
38|40.57
51|36.25
3|56.14
7|66.71
4|85.00
1|51.71
7|40.16
11|44.50
3|58.87
19|35.40
5|49.00
7|60.66
5|47.10
151|19.00
93|41.77
4|58.44
17|50.70
21|44.25
26|49.00
43|46.28
13|45.62
161|19.00
1|35.77
1|57.42
5|16.00
30|47.00
2|49.77
23|39.00
1|57.00
1|62.20
5|52.25
1|51.50
33|29.55
10|53.33
13|45.50
3|66.66
1|58.62
7|43.80
12|48.00
18|55.33
19|38.00
73|26.00
2|57.66
8|42.14
19|36.00
2|50.55
151|28.50
6|86.00
4|43.20
41|39.16
2|58.42
32|58.00
2|56.22
18|48.66
10|46.00
9|27.20
36|58.14
10|43.37
16|55.33
23|49.00
20|54.22
24|33.33
11|43.83
7|36.50
1|41.66
1|50.37
11|56.00
4|31.85
43|49.25
8|36.14
11|47.25
30|41.66
5|73.00
14|53.00
5|55.66
44|22.33
3|63.14
1|38.00
44|27.50
3|56.00
30|42.00
61|36.00
66|51.80
17|28.66
4|59.00
39|51.11
69|32.00
53|22.00
45|32.50
1|58.80
1|60.33
15|57.60
36|32.66
14|60.25
47|37.80
2|58.83
20|62.00
44|42.90
11|51.80
3|43.66
31|44.10
35|27.14
21|47.00
65|32.50
7|40.80
31|46.33
1|70.80
18|43.00
2|29.00
49|43.77
3|59.00
10|29.25
20|48.40
5|69.75
49|54.00
8|41.00
107|19.00
19|47.60
20|49.14
4|42.16
7|30.66
3|43.57
13|59.00
37|46.66
15|28.66
110|43.57
3|71.66
25|26.00
47|41.37
21|19.25
22|42.00
29|50.66
66|37.33
3|56.85
7|47.11
6|35.11
7|42.66
11|47.80
40|59.80
2|50.75
7|28.00
3|60.00
8|29.66
16|39.28
4|49.00
26|30.00
11|75.00
43|29.71
2|75.83
24|29.33
1|99.00
6|65.85
2|61.50
19|44.75
4|43.30
8|36.50
4|65.60
8|15.00
5|34.33
8|54.00
6|50.50
38|45.00
22|49.00
15|46.10
11|56.83
1|55.50
60|27.33
5|48.00
21|39.00
2|35.00
19|34.33
15|44.25
15|30.00
12|48.20
9|56.71
2|68.00
13|57.00
3|52.40
22|18.00
12|51.70
2|36.42
3|65.00
3|59.00
11|43.20
9|79.00
23|60.55
21|49.33
17|79.00
14|53.20
12|47.50
3|37.00
2|39.22
31|38.50
4|63.83
4|40.00
15|50.80
4|63.50
3|67.00
14|55.00
7|59.50
22|41.00
35|26.00
36|51.77
38|30.66
2|56.00
3|64.25
7|60.44
67|43.00
1|90.00
6|37.00
39|56.57
34|38.80
12|67.42
1|44.50
14|29.80
1|79.50
5|50.14
4|33.60
14|56.00
21|51.80
18|35.50
7|48.60
14|48.80
3|64.83
24|24.00
47|52.00
81|11.00
9|43.30
32|46.00
53|24.66
17|49.85
5|44.00
5|59.60
32|20.33
1|83.50
4|66.16
104|15.00
3|54.33
23|42.88
123|11.50
5|63.33
29|44.66
54|52.20
8|57.50
5|44.75
9|44.50
19|39.00
5|76.00
7|47.00
20|45.75
5|62.00
4|49.00
3|62.40
46|56.00
15|48.66
5|62.00
82|27.71
6|64.80
1|27.16
24|49.00
5|67.66
27|49.00
74|41.16
24|48.90
15|49.57
17|38.20
9|60.50
5|52.00
3|43.50
43|25.44
0|100.00
51|42.33
3|60.42
6|50.25
43|36.00
46|44.77
2|70.62
11|61.50
44|38.85
8|59.12
11|55.00
6|44.33
18|67.50
22|47.40
17|42.40
26|9.50
17|55.55
41|45.40
2|45.20
1|56.00
8|43.28
11|46.50
4|42.90
6|37.70
31|41.20
11|60.66
3|90.00
3|51.00
3|68.50
15|57.75
4|51.70
16|56.37
11|65.66
6|20.60
7|30.00
2|45.00
20|47.33
2|53.85
19|63.00
9|50.28
73|35.66
30|29.66
5|50.87
1|48.66
2|62.25
1|90.00
2|48.25
26|42.33
8|26.60
8|33.50
71|39.50
121|2.00
72|7.00
37|40.75
6|35.33
1|58.77
3|77.00
6|44.57
13|64.00
3|58.80
9|66.00
1|49.33
20|40.00
7|31.00
8|42.00
18|46.00
30|35.50
15|64.00
34|52.62
33|43.60
1|62.00
13|53.25
7|50.83
22|45.00
26|47.88
4|49.40
21|28.25
1|90.50
2|47.33
6|46.14
17|35.87
23|51.50
25|35.50
5|51.87
8|36.50
36|19.00
25|44.25
25|49.00
10|70.14
91|33.25
54|40.55
5|54.00
44|41.40
6|37.66
14|57.75
44|32.40
1|61.00
35|46.40
14|49.00
9|36.66
63|44.50
27|42.00
3|52.66
13|38.00
36|41.00
8|45.90
9|71.33
4|80.00
1|79.20
8|55.00
12|39.00
15|37.60
15|23.00
32|43.83
18|62.75
11|42.62
8|43.60
7|55.25
1|64.85
9|41.33
33|44.60
1|66.00
72|52.33
41|44.66
82|13.50
6|49.75
10|19.33
6|61.80
38|48.80
51|34.00
10|58.77
14|41.00
4|86.00
83|42.85
12|32.14
1|86.50
4|59.00
1|91.00
10|55.25
1|75.80
17|21.00
25|53.00
20|34.50
72|47.90
6|57.20
47|24.42
11|66.66
221|33.25
1|50.33
1|60.25
13|62.66
1|56.00
11|29.83
2|58.30
30|50.00
1|20.50
15|21.00
28|58.62
11|68.42
63|20.00
10|45.50
41|32.60
24|58.00
54|34.50
4|49.75
1|37.50
22|48.33
1|55.00
32|51.25
6|47.00
121|29.50
8|55.60
33|46.00
10|59.75
34|53.88
14|44.50
26|45.77
2|63.50
95|42.00
1|98.00
6|68.00
121|20.00
123|18.00
15|51.37
60|49.66
24|55.16
10|48.33
5|40.25
3|71.00
20|27.00
1|58.00
2|33.00
22|49.28
63|52.33
2|44.00
16|43.00
1|30.33
3|40.00
7|62.20
15|58.77
9|21.50
6|35.83
18|28.00
32|52.70
8|42.60
5|51.71
17|13.50
3|41.28
11|48.77
13|56.57
12|49.50
20|30.00
6|47.44
17|59.87
1|87.00
2|66.83
5|72.00
19|53.40
30|45.25
90|31.87
13|56.90
22|51.87
2|69.33
38|47.22
4|64.50
7|54.88
4|51.20
15|25.66
62|31.83
21|51.87
73|51.14
6|49.16
29|40.16
1|43.42
13|45.14
3|74.80
1|76.33
6|48.66
37|18.50
20|28.80
1|92.00
14|50.57
6|76.25
19|32.25
2|64.00
11|42.00
14|60.44
45|53.50
10|70.00
8|46.50
3|43.77
3|36.20
9|48.50
77|48.14
17|46.33
7|26.60
6|59.12
8|29.00
3|54.00
17|39.80
4|58.00
51|34.50
13|59.22
14|61.75
17|49.33
1|76.11
14|52.33
1|94.00
1|61.00
62|46.33
1|45.00
9|67.00
8|64.00
3|54.12
2|48.25
23|39.28
95|30.14
5|56.50
15|42.50
20|58.66
6|33.87
7|54.00
5|55.33
3|58.66
17|46.33
14|54.00
1|47.00
66|50.50
1|89.00
45|27.75
1|59.80
5|53.40
13|60.50
13|50.57
1|72.00
1|51.33
5|51.30
8|65.60
25|53.42
45|41.50
4|48.25
135|23.66
15|61.00
2|53.75
3|59.50
20|53.80
1|93.50
28|44.66
11|47.00
5|31.66
2|55.28
41|36.37
4|33.80
1|57.70
26|55.28
1|22.66
8|66.00
6|45.11
1|77.25
4|39.33
57|30.00
3|56.66
44|48.00
11|59.00
45|38.44
2|26.00
16|46.40
4|42.28
43|41.25
4|61.80
1|47.75
3|50.00
1|46.50
3|53.00
10|58.62
30|37.42
2|51.85
23|25.33
4|64.00
44|13.00
2|67.75
10|28.00
11|53.50
20|54.77
12|43.00
2|44.40
6|43.00
2|22.00
3|47.80
8|49.50
3|61.55
24|46.00
